17357305525
17357305448
17357305336
17357305277
17357305194
17357305114
17357305055
17357304905
17357304903
17357304791
17357304732
17357304572
17357304568
17357304565
17357304524
17357304433
17357304428
17357304423
17357304380
17357304309
17357304303
17357304302
17357304268
17357304158
17357304029
17357303996
17357303979
17357303892
17357303859
17357303826
17357303769
17357303638
17357303618
17357303598
17357303544
17357303491
17357303442
17357303264
17357303216
17357303190
17357303118
17357303084
17357302809
17357302747
17357302732
17357302712
17357302526
17357302521
17357302353
17357302282
17357302246
17357300909
17357302140
17357302106
17357302072
17357302018
17357302005
17357301914
17357301861
17357301815
17357301749
17357301746
17357301642
17357301636
17357301580
17357301557
17357301522
17357301479
17357301466
17357301402
17357301282
17357301159
17357301143
17357301115
17357300977
17357300957
17357300927
17357300834
17357300799
17357300791
17357300787
17357300688
17357300638
17357300619
17357300582
17357300552
17357300550
17357300505
17357300457
17357300453
17357300383
17357300321
17357300268
17357300249
17357300228
17357300222
17357300166
17357300056
17357300054
17357299917
17357299912
17357299814
17357299809
17357299782
17357299780
17357299764
17357299736
17357299660
17357299658
17357299529
17357299503
17357299488
17357299431
17357299415
17357299405
17357299335
17357299272
17357299155
17357299073
17357298994
17357298714
17357298553
17357298549
17357298455
17357298407
17357298313
17357298177
17357298034
17357297903
17357297836
17357297776
17357297601
17357297589
17357297567
17357297471
17357297375
17357297083
17357297046
17357297043
17357297022
17357296950
17357296920
17357296730
17357296547
17357296328
17357296240
17357296173
17357296154
17357295903
17357295572
17357295539
17357295530
17357295387
17357295262
17357295217
17357295134
17357295087
17357294994
17357294952
17357294870
17357294787
17357294714
17357294533
17357294511
17357294374
17357294328
17357294287
17357294282
17357294257
17357294112
17357293637
17357293604
17357293582
17357293578
17357293544
17357293456
17357293392
17357293367
17357293315
17357293268
17357293106
17357293028
17357293023
17357292980
17357292938
17357292937
17357292917
17357292896
17357292753
17357292731
17357292674
17357292581
17357292576
17357292516
17357292414
17357292254
17357292120
17357292053
17357291960
17357291933
17357291922
17357291751
17357291632
17357291422
17357291356
17357291347
17357291259
17357291152
17357291057
17357291053
17357291044
17357290997
17357290892
17357290678
17357290624
17357290538
17357290449
17357290414
17357290280
17357290130
17357290014
17357289942
17357289867
17357289846
17357289717
17357289667
17357289604
17357289584
17357289543
17357289492
17357289457
17357289393
17357289316
17357289254
17357289232
17357289202
17357289113
17357289092
17357289091
17357288993
17357288926
17357288833
17357288759
17357288699
17357288358
17357288300
17357288169
17357288124
17357287864
17357287848
17357287827
17357287699
17357287581
17357287532
17357287338
17357287172
17357287125
17357287001
17357286968
17357286899
17357286860
17357286647
17357286573
17357286566
17357286511
17357286510
17357286443
17357286437
17357286429
17357286400
17357286395
17357286365
17357286313
17357286267
17357286117
17357286076
17357286061
17357286049
17357285896
17357285872
17357285824
17357285779
17357285708
17357285626
17357285584
17357285464
17357285254
17357285243
17357285220
17357285170
17357285094
17357285019
17357284923
17357284855
17357284726
17357284617
17357284565
17357284479
17357284477
17357284324
17357284235
17357284222
17357284196
17357284029
17357283976
17357283966
17357283710
17357283626
17357283553
17357283296
17357283275
17357283270
17357283255
17357283159
17357283030
17357283027
17357282981
17357282967
17357282955
17357282896
17357282717
17357282542
17357282488
17357282459
17357282391
17357282389
17357282380
17357282359
17357282320
17357282318
17357282241
17357282203
17357282104
17357282088
17357281955
17357281807
17357281796
17357281795
17357281639
17357281282
17357280972
17357280552
17357280522
17357280397
17357280346
17357280242
17357280171
17357280094
17357279777
17357279635
17357279611
17357279589
17357279513
17357279260
17357279178
17357279127
17357274859
17357278800
17357278797
17357278658
17357278557
17357278240
17357278016
17357277860
17357277772
17357277537
17357277514
17357277414
17357277395
17357277357
17357277281
17357277044
17357277026
17357276995
17357276764
17357276744
17357276743
17357276596
17357276475
17357276378
17357276147
17357276116
17357275913
17357275831
17357275806
17357275796
17357275746
17357275649
17357275472
17357275281
17357274997
17357274955
17357274783
17357274731
17357274550
17357274537
17357274532
17357274435
17357274415
17357274338
17357274333
17357274227
17357274214
17357274163
17357274141
17357274099
17357273964
17357273899
17357273889
17357273862
17357273812
17357273774
17357273724
17357273718
17357273577
17357273461
17357273447
17357273389
17357273312
17357273235
17357273168
17357273045
17357272808
17357272543
17357272513
17357272457
17357272405
17357272218
17357272080
17357272079
17357271995
17357271991
17357271838
17357271634
17357271627
17357271601
17357271599
17357271398
17357271314
17357271241
17357271220
17357271204
17357270898
17357270831
17357270746
17357270671
17357270607
17357270558
17357270431
17357270403
17357270367
17357270336
17357270237
17357270218
17357270109
17357270089
17357270079
17357269924
17357269818
17357269655
17357269352
17357269402
17357269293
17357269086
17357269063
17357269062
17357269026
17357268985
17357268935
17357268864
17357268711
17357268652
17357268640
17357268447
17357268445
17357268440
17357268410
17357268353
17357268320
17357268298
17357268291
17357268262
17357268251
17357268229
17357268191
17357268154
17357268126
17357268039
17357268005
17357267943
17357267890
17357267776
17357267758
17357267636
17357267605
17357267567
17357267524
17357267521
17357267494
17357267462
17357267379
17357267318
17357267310
17357267269
17357267260
17357267132
17357267117
17357267097
17357267061
17357267021
